,userid,formId,createTime,num,tel
0,0,4212,2020-06-12 10:10:03,1,15623819250
1,1,4211,2020-06-12 00:56:04,1,15623819250
2,2,4211,2020-06-12 18:00:43,1,15623819250
3,3,4212,2020-06-18 09:53:56,1,15623819250
4,4,4212,2020-06-12 23:14:50,1,15623819250
5,5,4212,2020-06-12 08:30:16,1,15623819250
6,6,4211,2020-06-11 22:51:43,1,15623819250
7,7,4212,2020-06-15 22:35:36,1,15623819250
8,8,4212,2020-06-16 20:53:25,1,15623819250
9,9,4211,2020-06-11 17:58:23,1,15623819250
10,10,4211,2020-06-11 20:11:18,1,15623819250
11,11,4211,2020-06-18 00:46:04,1,15623819250
12,12,4212,2020-06-16 07:11:48,1,15623819250
13,13,4212,2020-06-13 00:46:51,1,15623819250
14,14,4212,2020-06-13 21:01:28,1,15623819250
15,15,4211,2020-06-15 11:23:59,1,15623819250
16,16,4212,2020-06-18 11:58:30,1,15623819250
17,17,4211,2020-06-15 01:38:27,1,15623819250
18,18,4211,2020-06-11 19:57:33,1,15623819250
19,19,4211,2020-06-13 22:09:13,1,15623819250
20,20,4212,2020-06-14 03:41:20,1,15623819250
21,21,4211,2020-06-17 03:30:25,1,15623819250
22,22,4211,2020-06-14 07:23:21,1,15623819250
23,23,4211,2020-06-17 14:12:32,1,15623819250
24,24,4212,2020-06-13 22:00:45,1,15623819250
25,25,4211,2020-06-13 13:09:51,1,15623819250
26,26,4212,2020-06-17 01:38:24,1,15623819250
27,27,4212,2020-06-15 11:53:18,1,15623819250
28,28,4211,2020-06-18 07:38:57,1,15623819250
29,29,4212,2020-06-15 19:06:23,1,15623819250
30,30,4212,2020-06-13 02:12:21,1,15623819250
31,31,4212,2020-06-16 12:38:41,1,15623819250
32,32,4211,2020-06-17 15:43:34,1,15623819250
33,33,4211,2020-06-16 11:49:58,1,15623819250
34,34,4212,2020-06-14 18:46:59,1,15623819250
35,35,4211,2020-06-13 06:28:08,1,15623819250
36,36,4211,2020-06-15 17:43:39,1,15623819250
37,37,4211,2020-06-15 04:06:20,1,15623819250
38,38,4211,2020-06-16 05:36:09,1,15623819250
39,39,4211,2020-06-11 18:17:25,1,15623819250
40,40,4211,2020-06-15 07:23:47,1,15623819250
41,41,4211,2020-06-12 15:37:28,1,15623819250
42,42,4211,2020-06-12 22:40:00,1,15623819250
43,43,4211,2020-06-14 17:00:13,1,15623819250
44,44,4212,2020-06-13 05:38:26,1,15623819250
45,45,4211,2020-06-13 11:30:54,1,15623819250
46,46,4211,2020-06-17 23:19:26,1,15623819250
47,47,4212,2020-06-14 03:05:51,1,15623819250
48,48,4211,2020-06-14 00:17:56,1,15623819250
49,49,4211,2020-06-13 04:25:07,1,15623819250
50,50,4211,2020-06-14 08:20:08,1,15623819250
51,51,4211,2020-06-17 12:12:47,1,15623819250
52,52,4212,2020-06-13 07:17:10,1,15623819250
53,53,4212,2020-06-17 10:38:53,1,15623819250
54,54,4211,2020-06-18 02:57:24,1,15623819250
55,55,4211,2020-06-14 09:09:21,1,15623819250
56,56,4211,2020-06-13 07:48:14,1,15623819250
57,57,4212,2020-06-16 05:09:52,1,15623819250
58,58,4212,2020-06-12 22:44:23,1,15623819250
59,59,4212,2020-06-14 19:54:21,1,15623819250
60,60,4212,2020-06-17 10:05:05,1,15623819250
61,61,4211,2020-06-17 18:11:24,1,15623819250
62,62,4212,2020-06-16 20:46:10,1,15623819250
63,63,4211,2020-06-17 12:44:46,1,15623819250
64,64,4212,2020-06-17 06:20:58,1,15623819250
65,65,4211,2020-06-17 09:23:58,1,15623819250
66,66,4212,2020-06-13 09:48:55,1,15623819250
67,67,4212,2020-06-16 15:10:19,1,15623819250
68,68,4212,2020-06-16 07:56:37,1,15623819250
69,69,4212,2020-06-12 13:20:57,1,15623819250
70,70,4211,2020-06-17 21:49:58,1,15623819250
71,71,4212,2020-06-16 01:22:57,1,15623819250
72,72,4211,2020-06-18 07:59:45,1,15623819250
73,73,4211,2020-06-14 04:56:04,1,15623819250
74,74,4212,2020-06-18 01:43:24,1,15623819250
75,75,4211,2020-06-17 14:15:21,1,15623819250
76,76,4211,2020-06-17 10:01:36,1,15623819250
77,77,4211,2020-06-17 20:07:16,1,15623819250
78,78,4211,2020-06-13 10:40:29,1,15623819250
79,79,4211,2020-06-14 07:51:34,1,15623819250
80,80,4211,2020-06-11 20:17:50,1,15623819250
81,81,4211,2020-06-18 03:10:57,1,15623819250
82,82,4211,2020-06-13 18:12:03,1,15623819250
83,83,4212,2020-06-17 08:43:06,1,15623819250
84,84,4211,2020-06-11 17:09:06,1,15623819250
85,85,4211,2020-06-18 10:05:00,1,15623819250
86,86,4211,2020-06-14 08:43:40,1,15623819250
87,87,4211,2020-06-18 00:56:18,1,15623819250
88,88,4212,2020-06-12 17:32:11,1,15623819250
89,89,4212,2020-06-12 15:47:17,1,15623819250
90,90,4211,2020-06-12 20:03:46,1,15623819250
91,91,4212,2020-06-15 13:55:57,1,15623819250
92,92,4211,2020-06-16 05:46:39,1,15623819250
93,93,4212,2020-06-13 13:22:44,1,15623819250
94,94,4212,2020-06-12 16:20:54,1,15623819250
95,95,4212,2020-06-15 13:30:38,1,15623819250
96,96,4211,2020-06-17 00:07:48,1,15623819250
97,97,4211,2020-06-16 16:50:08,1,15623819250
98,98,4212,2020-06-13 21:42:11,1,15623819250
99,99,4211,2020-06-15 04:28:39,1,15623819250
100,100,4211,2020-06-12 11:50:42,1,15623819250
101,101,4211,2020-06-16 01:11:01,1,15623819250
102,102,4212,2020-06-15 02:17:25,1,15623819250
103,103,4211,2020-06-15 01:02:45,1,15623819250
104,104,4212,2020-06-11 22:10:42,1,15623819250
105,105,4212,2020-06-12 09:05:47,1,15623819250
106,106,4211,2020-06-16 01:07:40,1,15623819250
107,107,4212,2020-06-15 06:31:34,1,15623819250
108,108,4212,2020-06-16 15:35:56,1,15623819250
109,109,4212,2020-06-15 05:08:40,1,15623819250
110,110,4212,2020-06-17 15:26:41,1,15623819250
111,111,4211,2020-06-13 16:56:30,1,15623819250
112,112,4212,2020-06-15 02:44:24,1,15623819250
113,113,4212,2020-06-16 05:57:57,1,15623819250
114,114,4211,2020-06-17 09:07:36,1,15623819250
115,115,4211,2020-06-13 17:59:32,1,15623819250
116,116,4212,2020-06-17 21:19:55,1,15623819250
117,117,4211,2020-06-15 21:54:58,1,15623819250
118,118,4212,2020-06-15 16:19:21,1,15623819250
119,119,4211,2020-06-16 13:41:09,1,15623819250
120,120,4212,2020-06-15 12:03:49,1,15623819250
121,121,4212,2020-06-18 10:19:24,1,15623819250
122,122,4212,2020-06-13 17:22:57,1,15623819250
123,123,4211,2020-06-14 07:15:01,1,15623819250
124,124,4211,2020-06-16 07:09:26,1,15623819250
125,125,4212,2020-06-12 06:23:15,1,15623819250
126,126,4211,2020-06-14 09:21:39,1,15623819250
127,127,4211,2020-06-18 00:16:21,1,15623819250
128,128,4211,2020-06-12 23:02:06,1,15623819250
129,129,4211,2020-06-16 14:35:56,1,15623819250
130,130,4211,2020-06-16 20:07:35,1,15623819250
131,131,4211,2020-06-16 15:01:23,1,15623819250
132,132,4211,2020-06-15 23:02:50,1,15623819250
133,133,4211,2020-06-12 11:55:01,1,15623819250
134,134,4212,2020-06-18 05:07:02,1,15623819250
135,135,4212,2020-06-14 04:45:00,1,15623819250
136,136,4211,2020-06-16 05:20:50,1,15623819250
137,137,4211,2020-06-13 03:51:34,1,15623819250
138,138,4211,2020-06-18 11:58:04,1,15623819250
139,139,4212,2020-06-15 01:20:53,1,15623819250
140,140,4212,2020-06-12 21:41:15,1,15623819250
141,141,4212,2020-06-17 03:21:35,1,15623819250
142,142,4211,2020-06-15 14:55:57,1,15623819250
143,143,4211,2020-06-16 17:38:23,1,15623819250
144,144,4211,2020-06-17 14:06:03,1,15623819250
145,145,4212,2020-06-17 08:34:14,1,15623819250
146,146,4212,2020-06-11 20:10:23,1,15623819250
147,147,4211,2020-06-14 08:07:30,1,15623819250
148,148,4212,2020-06-14 03:54:58,1,15623819250
149,149,4211,2020-06-14 14:48:25,1,15623819250
150,150,4212,2020-06-14 02:00:11,1,15623819250
151,151,4212,2020-06-13 14:11:33,1,15623819250
152,152,4212,2020-06-16 18:17:14,1,15623819250
153,153,4212,2020-06-16 00:51:36,1,15623819250
154,154,4211,2020-06-15 07:14:35,1,15623819250
155,155,4211,2020-06-12 05:00:37,1,15623819250
156,156,4212,2020-06-15 00:54:49,1,15623819250
157,157,4211,2020-06-14 07:34:12,1,15623819250
158,158,4211,2020-06-17 14:41:02,1,15623819250
159,159,4212,2020-06-14 02:10:35,1,15623819250
160,160,4211,2020-06-17 12:22:22,1,15623819250
161,161,4211,2020-06-12 16:34:06,1,15623819250
162,162,4211,2020-06-16 17:50:54,1,15623819250
163,163,4212,2020-06-15 17:07:11,1,15623819250
164,164,4211,2020-06-18 02:22:49,1,15623819250
165,165,4212,2020-06-16 13:19:20,1,15623819250
166,166,4212,2020-06-11 23:15:34,1,15623819250
167,167,4212,2020-06-15 09:43:31,1,15623819250
168,168,4212,2020-06-15 08:41:57,1,15623819250
169,169,4212,2020-06-15 22:09:30,1,15623819250
170,170,4212,2020-06-15 17:31:28,1,15623819250
171,171,4212,2020-06-16 02:26:59,1,15623819250
172,172,4212,2020-06-14 08:02:26,1,15623819250
173,173,4212,2020-06-13 19:32:34,1,15623819250
174,174,4211,2020-06-13 23:49:03,1,15623819250
175,175,4211,2020-06-12 07:23:07,1,15623819250
176,176,4211,2020-06-17 19:41:42,1,15623819250
177,177,4211,2020-06-13 09:03:52,1,15623819250
178,178,4211,2020-06-12 09:29:21,1,15623819250
179,179,4211,2020-06-13 23:10:30,1,15623819250
180,180,4211,2020-06-15 11:44:10,1,15623819250
181,181,4212,2020-06-11 23:30:53,1,15623819250
182,182,4211,2020-06-12 19:28:54,1,15623819250
183,183,4211,2020-06-12 23:27:14,1,15623819250
184,184,4211,2020-06-11 18:03:31,1,15623819250
185,185,4211,2020-06-16 13:42:39,1,15623819250
186,186,4212,2020-06-12 05:05:11,1,15623819250
187,187,4211,2020-06-17 07:29:08,1,15623819250
188,188,4212,2020-06-14 10:36:18,1,15623819250
189,189,4212,2020-06-17 19:32:26,1,15623819250
190,190,4212,2020-06-14 22:27:34,1,15623819250
191,191,4211,2020-06-18 10:31:34,1,15623819250
192,192,4212,2020-06-16 21:21:43,1,15623819250
193,193,4212,2020-06-12 23:27:38,1,15623819250
194,194,4211,2020-06-11 21:26:13,1,15623819250
195,195,4211,2020-06-15 20:52:48,1,15623819250
196,196,4211,2020-06-14 05:30:41,1,15623819250
197,197,4212,2020-06-11 17:24:54,1,15623819250
198,198,4212,2020-06-14 06:23:56,1,15623819250
199,199,4212,2020-06-12 15:07:21,1,15623819250
200,200,4212,2020-06-16 16:11:48,1,15623819250
201,201,4211,2020-06-17 18:30:54,1,15623819250
202,202,4211,2020-06-17 16:50:37,1,15623819250
203,203,4211,2020-06-13 01:59:02,1,15623819250
204,204,4211,2020-06-11 22:30:14,1,15623819250
205,205,4211,2020-06-12 03:17:17,1,15623819250
206,206,4212,2020-06-16 21:31:00,1,15623819250
207,207,4212,2020-06-17 22:38:16,1,15623819250
208,208,4211,2020-06-14 06:29:59,1,15623819250
209,209,4211,2020-06-13 07:05:38,1,15623819250
210,210,4211,2020-06-15 19:05:42,1,15623819250
211,211,4212,2020-06-12 16:42:13,1,15623819250
212,212,4211,2020-06-12 10:30:03,1,15623819250
213,213,4211,2020-06-15 13:02:15,1,15623819250
214,214,4211,2020-06-12 00:33:36,1,15623819250
215,215,4211,2020-06-18 14:06:11,1,15623819250
216,216,4212,2020-06-15 14:16:00,1,15623819250
217,217,4212,2020-06-14 04:29:35,1,15623819250
218,218,4212,2020-06-13 01:44:28,1,15623819250
219,219,4211,2020-06-16 02:22:05,1,15623819250
220,220,4211,2020-06-14 12:54:44,1,15623819250
221,221,4212,2020-06-17 23:41:53,1,15623819250
222,222,4211,2020-06-15 14:00:09,1,15623819250
223,223,4212,2020-06-16 15:06:15,1,15623819250
224,224,4211,2020-06-15 20:53:49,1,15623819250
225,225,4212,2020-06-16 08:54:05,1,15623819250
226,226,4212,2020-06-12 23:15:24,1,15623819250
227,227,4211,2020-06-14 08:16:24,1,15623819250
228,228,4212,2020-06-13 20:01:27,1,15623819250
229,229,4212,2020-06-18 01:41:37,1,15623819250
230,230,4211,2020-06-18 00:55:27,1,15623819250
231,231,4212,2020-06-16 01:15:48,1,15623819250
232,232,4212,2020-06-17 12:14:21,1,15623819250
233,233,4212,2020-06-12 21:19:31,1,15623819250
234,234,4212,2020-06-16 14:08:11,1,15623819250
235,235,4211,2020-06-12 18:19:34,1,15623819250
236,236,4212,2020-06-16 19:05:46,1,15623819250
237,237,4212,2020-06-18 08:47:16,1,15623819250
238,238,4212,2020-06-17 11:33:39,1,15623819250
239,239,4211,2020-06-14 12:07:58,1,15623819250
240,240,4212,2020-06-17 08:37:29,1,15623819250
241,241,4212,2020-06-17 19:47:16,1,15623819250
242,242,4211,2020-06-18 07:51:35,1,15623819250
243,243,4211,2020-06-13 22:23:46,1,15623819250
244,244,4212,2020-06-16 10:48:19,1,15623819250
245,245,4211,2020-06-11 17:34:54,1,15623819250
246,246,4212,2020-06-14 04:47:24,1,15623819250
247,247,4211,2020-06-13 12:19:08,1,15623819250
248,248,4212,2020-06-12 17:08:48,1,15623819250
249,249,4211,2020-06-18 12:30:46,1,15623819250
250,250,4212,2020-06-12 03:49:40,1,15623819250
251,251,4212,2020-06-16 11:42:23,1,15623819250
252,252,4211,2020-06-16 22:53:14,1,15623819250
253,253,4211,2020-06-13 23:56:00,1,15623819250
254,254,4212,2020-06-12 20:31:09,1,15623819250
255,255,4212,2020-06-17 15:37:17,1,15623819250
256,256,4211,2020-06-13 23:11:12,1,15623819250
257,257,4211,2020-06-13 20:34:08,1,15623819250
258,258,4212,2020-06-17 07:53:50,1,15623819250
259,259,4212,2020-06-17 08:51:03,1,15623819250
260,260,4211,2020-06-13 21:28:19,1,15623819250
261,261,4212,2020-06-12 04:27:01,1,15623819250
262,262,4212,2020-06-15 15:13:50,1,15623819250
263,263,4211,2020-06-13 07:16:26,1,15623819250
264,264,4211,2020-06-14 02:26:16,1,15623819250
265,265,4212,2020-06-15 01:57:39,1,15623819250
266,266,4211,2020-06-12 12:01:11,1,15623819250
267,267,4211,2020-06-15 02:24:50,1,15623819250
268,268,4212,2020-06-13 05:19:43,1,15623819250
269,269,4212,2020-06-14 06:52:52,1,15623819250
270,270,4212,2020-06-17 23:30:11,1,15623819250
271,271,4211,2020-06-15 07:59:15,1,15623819250
272,272,4212,2020-06-13 23:36:57,1,15623819250
273,273,4212,2020-06-17 18:31:16,1,15623819250
274,274,4212,2020-06-14 05:52:04,1,15623819250
275,275,4211,2020-06-13 00:36:40,1,15623819250
276,276,4211,2020-06-14 13:42:38,1,15623819250
277,277,4211,2020-06-12 05:45:42,1,15623819250
278,278,4212,2020-06-14 09:23:25,1,15623819250
279,279,4212,2020-06-17 12:52:46,1,15623819250
280,280,4211,2020-06-16 04:35:17,1,15623819250
281,281,4211,2020-06-15 09:09:27,1,15623819250
282,282,4211,2020-06-14 03:46:06,1,15623819250
283,283,4212,2020-06-15 22:43:45,1,15623819250
284,284,4212,2020-06-13 17:31:08,1,15623819250
285,285,4212,2020-06-15 18:42:09,1,15623819250
286,286,4212,2020-06-12 20:19:37,1,15623819250
287,287,4212,2020-06-16 22:14:34,1,15623819250
288,288,4211,2020-06-14 14:22:06,1,15623819250
289,289,4211,2020-06-17 07:04:24,1,15623819250
290,290,4212,2020-06-16 18:10:24,1,15623819250
291,291,4212,2020-06-13 23:39:34,1,15623819250
292,292,4212,2020-06-16 05:51:23,1,15623819250
293,293,4211,2020-06-17 15:25:41,1,15623819250
294,294,4211,2020-06-15 18:04:52,1,15623819250
295,295,4212,2020-06-15 05:26:49,1,15623819250
296,296,4211,2020-06-13 19:48:16,1,15623819250
297,297,4212,2020-06-13 09:30:56,1,15623819250
298,298,4212,2020-06-18 05:17:21,1,15623819250
299,299,4212,2020-06-13 19:07:59,1,15623819250
300,300,4212,2020-06-13 03:12:59,1,15623819250
301,301,4212,2020-06-13 11:21:46,1,15623819250
302,302,4212,2020-06-17 10:39:16,1,15623819250
303,303,4211,2020-06-11 18:29:24,1,15623819250
304,304,4211,2020-06-18 03:54:54,1,15623819250
305,305,4211,2020-06-16 20:15:22,1,15623819250
306,306,4212,2020-06-15 10:20:02,1,15623819250
307,307,4212,2020-06-15 13:38:19,1,15623819250
308,308,4212,2020-06-12 19:47:50,1,15623819250
309,309,4212,2020-06-11 22:42:16,1,15623819250
310,310,4212,2020-06-12 09:16:30,1,15623819250
311,311,4212,2020-06-13 23:06:27,1,15623819250
312,312,4212,2020-06-16 18:23:17,1,15623819250
313,313,4211,2020-06-16 20:06:19,1,15623819250
314,314,4211,2020-06-16 15:11:38,1,15623819250
315,315,4211,2020-06-16 00:11:01,1,15623819250
316,316,4212,2020-06-14 01:07:21,1,15623819250
317,317,4211,2020-06-12 06:34:18,1,15623819250
318,318,4212,2020-06-13 21:40:07,1,15623819250
319,319,4212,2020-06-17 04:18:33,1,15623819250
320,320,4212,2020-06-15 09:38:57,1,15623819250
321,321,4212,2020-06-13 22:23:12,1,15623819250
322,322,4212,2020-06-17 01:30:40,1,15623819250
323,323,4211,2020-06-16 20:38:45,1,15623819250
324,324,4212,2020-06-13 18:18:38,1,15623819250
325,325,4211,2020-06-15 20:00:32,1,15623819250
326,326,4212,2020-06-12 17:15:16,1,15623819250
327,327,4211,2020-06-15 02:17:05,1,15623819250
328,328,4211,2020-06-17 12:13:36,1,15623819250
329,329,4212,2020-06-17 17:47:33,1,15623819250
330,330,4211,2020-06-15 14:29:54,1,15623819250
331,331,4212,2020-06-17 18:48:05,1,15623819250
332,332,4212,2020-06-12 18:01:34,1,15623819250
333,333,4211,2020-06-15 15:44:45,1,15623819250
334,334,4212,2020-06-18 04:01:52,1,15623819250
335,335,4212,2020-06-14 03:52:34,1,15623819250
336,336,4212,2020-06-13 13:19:38,1,15623819250
337,337,4211,2020-06-14 16:46:16,1,15623819250
338,338,4212,2020-06-11 22:29:54,1,15623819250
339,339,4211,2020-06-16 10:57:51,1,15623819250
340,340,4212,2020-06-11 20:38:11,1,15623819250
341,341,4211,2020-06-11 23:20:17,1,15623819250
342,342,4211,2020-06-12 20:47:23,1,15623819250
343,343,4211,2020-06-15 22:45:55,1,15623819250
344,344,4211,2020-06-16 20:04:13,1,15623819250
345,345,4212,2020-06-15 12:34:54,1,15623819250
346,346,4212,2020-06-13 01:30:34,1,15623819250
347,347,4211,2020-06-14 04:38:04,1,15623819250
348,348,4212,2020-06-14 06:05:50,1,15623819250
349,349,4212,2020-06-13 07:28:19,1,15623819250
350,350,4212,2020-06-16 03:38:32,1,15623819250
351,351,4211,2020-06-12 21:10:00,1,15623819250
352,352,4212,2020-06-12 16:24:08,1,15623819250
353,353,4212,2020-06-13 03:49:43,1,15623819250
354,354,4212,2020-06-11 20:50:51,1,15623819250
355,355,4211,2020-06-12 08:03:20,1,15623819250
356,356,4211,2020-06-17 17:47:41,1,15623819250
357,357,4211,2020-06-16 20:48:56,1,15623819250
358,358,4212,2020-06-13 05:25:46,1,15623819250
359,359,4212,2020-06-14 08:03:14,1,15623819250
360,360,4211,2020-06-12 12:01:31,1,15623819250
361,361,4212,2020-06-14 23:22:53,1,15623819250
362,362,4212,2020-06-17 09:57:56,1,15623819250
363,363,4212,2020-06-16 01:37:12,1,15623819250
364,364,4211,2020-06-11 17:12:43,1,15623819250
365,365,4211,2020-06-14 07:22:10,1,15623819250
366,366,4211,2020-06-16 06:23:22,1,15623819250
367,367,4212,2020-06-15 22:54:12,1,15623819250
368,368,4211,2020-06-18 12:03:07,1,15623819250
369,369,4212,2020-06-18 11:50:23,1,15623819250
370,370,4211,2020-06-16 17:35:46,1,15623819250
371,371,4212,2020-06-15 08:57:43,1,15623819250
372,372,4212,2020-06-16 04:22:52,1,15623819250
373,373,4212,2020-06-17 18:50:17,1,15623819250
374,374,4211,2020-06-17 03:53:47,1,15623819250
375,375,4212,2020-06-15 07:41:56,1,15623819250
376,376,4212,2020-06-17 21:47:38,1,15623819250
377,377,4212,2020-06-18 04:55:47,1,15623819250
378,378,4212,2020-06-14 16:15:32,1,15623819250
379,379,4212,2020-06-14 19:41:30,1,15623819250
380,380,4211,2020-06-18 03:54:23,1,15623819250
381,381,4212,2020-06-17 10:06:32,1,15623819250
382,382,4211,2020-06-18 06:06:16,1,15623819250
383,383,4211,2020-06-12 01:53:37,1,15623819250
384,384,4212,2020-06-13 00:40:03,1,15623819250
385,385,4212,2020-06-13 03:53:04,1,15623819250
386,386,4211,2020-06-13 01:33:24,1,15623819250
387,387,4211,2020-06-16 04:52:41,1,15623819250
388,388,4211,2020-06-13 07:33:32,1,15623819250
389,389,4212,2020-06-18 07:50:34,1,15623819250
390,390,4211,2020-06-15 19:01:31,1,15623819250
391,391,4212,2020-06-15 18:15:02,1,15623819250
392,392,4212,2020-06-16 16:08:55,1,15623819250
393,393,4211,2020-06-15 00:30:40,1,15623819250
394,394,4212,2020-06-14 04:04:09,1,15623819250
395,395,4211,2020-06-11 16:35:32,1,15623819250
396,396,4211,2020-06-11 16:09:07,1,15623819250
397,397,4212,2020-06-16 21:17:52,1,15623819250
398,398,4212,2020-06-18 14:31:43,1,15623819250
399,399,4211,2020-06-13 16:13:24,1,15623819250
400,400,4211,2020-06-16 04:15:51,1,15623819250
401,401,4212,2020-06-18 05:47:44,1,15623819250
402,402,4212,2020-06-12 15:08:46,1,15623819250
403,403,4212,2020-06-14 13:52:36,1,15623819250
404,404,4212,2020-06-15 05:08:49,1,15623819250
405,405,4211,2020-06-15 13:41:52,1,15623819250
406,406,4212,2020-06-16 01:31:32,1,15623819250
407,407,4212,2020-06-14 13:40:55,1,15623819250
408,408,4211,2020-06-17 03:38:44,1,15623819250
409,409,4212,2020-06-14 00:07:34,1,15623819250
410,410,4211,2020-06-17 00:18:19,1,15623819250
411,411,4212,2020-06-13 12:32:03,1,15623819250
412,412,4212,2020-06-11 16:07:51,1,15623819250
413,413,4212,2020-06-16 03:01:10,1,15623819250
414,414,4212,2020-06-17 20:18:58,1,15623819250
415,415,4212,2020-06-16 13:06:05,1,15623819250
416,416,4212,2020-06-14 22:49:29,1,15623819250
417,417,4212,2020-06-16 18:24:14,1,15623819250
418,418,4211,2020-06-17 17:25:12,1,15623819250
419,419,4211,2020-06-12 02:10:42,1,15623819250
420,420,4211,2020-06-15 21:17:50,1,15623819250
421,421,4211,2020-06-12 04:13:29,1,15623819250
422,422,4211,2020-06-11 23:40:21,1,15623819250
423,423,4212,2020-06-11 19:48:22,1,15623819250
424,424,4212,2020-06-15 16:53:47,1,15623819250
425,425,4212,2020-06-16 19:24:37,1,15623819250
426,426,4212,2020-06-15 23:40:43,1,15623819250
427,427,4212,2020-06-14 05:31:37,1,15623819250
428,428,4211,2020-06-16 09:28:06,1,15623819250
429,429,4212,2020-06-15 09:37:21,1,15623819250
430,430,4211,2020-06-13 17:02:53,1,15623819250
431,431,4212,2020-06-13 19:15:09,1,15623819250
432,432,4212,2020-06-13 16:34:18,1,15623819250
433,433,4212,2020-06-16 13:51:24,1,15623819250
434,434,4211,2020-06-14 02:13:01,1,15623819250
435,435,4211,2020-06-14 08:24:43,1,15623819250
436,436,4212,2020-06-12 08:03:39,1,15623819250
437,437,4211,2020-06-13 09:35:04,1,15623819250
438,438,4212,2020-06-11 15:36:14,1,15623819250
439,439,4212,2020-06-16 21:15:40,1,15623819250
440,440,4212,2020-06-11 19:33:48,1,15623819250
441,441,4211,2020-06-13 10:19:06,1,15623819250
442,442,4211,2020-06-17 23:12:45,1,15623819250
443,443,4212,2020-06-17 07:03:08,1,15623819250
444,444,4212,2020-06-13 18:32:04,1,15623819250
445,445,4211,2020-06-15 15:25:13,1,15623819250
446,446,4212,2020-06-15 13:49:51,1,15623819250
447,447,4211,2020-06-15 01:48:06,1,15623819250
448,448,4211,2020-06-17 16:23:03,1,15623819250
449,449,4212,2020-06-17 05:00:46,1,15623819250
450,450,4212,2020-06-14 11:46:21,1,15623819250
451,451,4211,2020-06-13 08:04:33,1,15623819250
452,452,4212,2020-06-14 11:54:33,1,15623819250
453,453,4211,2020-06-16 23:52:02,1,15623819250
454,454,4212,2020-06-15 16:50:01,1,15623819250
455,455,4212,2020-06-17 16:31:34,1,15623819250
456,456,4211,2020-06-12 14:33:37,1,15623819250
457,457,4212,2020-06-15 12:30:18,1,15623819250
458,458,4211,2020-06-13 17:34:32,1,15623819250
459,459,4212,2020-06-17 20:29:55,1,15623819250
460,460,4212,2020-06-17 23:04:31,1,15623819250
461,461,4211,2020-06-16 11:39:07,1,15623819250
462,462,4212,2020-06-14 02:40:53,1,15623819250
463,463,4211,2020-06-18 02:33:29,1,15623819250
464,464,4212,2020-06-16 16:59:59,1,15623819250
465,465,4212,2020-06-12 16:32:44,1,15623819250
466,466,4212,2020-06-12 11:10:02,1,15623819250
467,467,4212,2020-06-14 05:38:07,1,15623819250
468,468,4211,2020-06-12 21:40:51,1,15623819250
469,469,4211,2020-06-13 03:25:36,1,15623819250
470,470,4212,2020-06-15 20:19:13,1,15623819250
471,471,4212,2020-06-17 01:28:07,1,15623819250
472,472,4211,2020-06-14 05:40:36,1,15623819250
473,473,4212,2020-06-12 16:33:22,1,15623819250
474,474,4212,2020-06-12 01:39:07,1,15623819250
475,475,4211,2020-06-15 18:09:49,1,15623819250
476,476,4211,2020-06-14 10:27:47,1,15623819250
477,477,4212,2020-06-13 22:22:18,1,15623819250
478,478,4212,2020-06-17 01:37:45,1,15623819250
479,479,4211,2020-06-16 11:33:33,1,15623819250
480,480,4212,2020-06-17 18:52:05,1,15623819250
481,481,4211,2020-06-13 12:48:52,1,15623819250
482,482,4211,2020-06-14 06:14:50,1,15623819250
483,483,4212,2020-06-13 00:28:41,1,15623819250
484,484,4211,2020-06-17 22:29:41,1,15623819250
485,485,4212,2020-06-17 01:33:18,1,15623819250
486,486,4211,2020-06-16 10:10:58,1,15623819250
487,487,4211,2020-06-14 14:07:46,1,15623819250
488,488,4212,2020-06-17 06:56:59,1,15623819250
489,489,4212,2020-06-15 18:32:06,1,15623819250
490,490,4211,2020-06-14 13:44:50,1,15623819250
491,491,4211,2020-06-16 03:19:41,1,15623819250
492,492,4211,2020-06-12 08:25:40,1,15623819250
493,493,4211,2020-06-14 21:07:28,1,15623819250
494,494,4211,2020-06-17 23:43:04,1,15623819250
495,495,4212,2020-06-12 20:47:58,1,15623819250
496,496,4211,2020-06-14 15:01:52,1,15623819250
497,497,4211,2020-06-13 19:51:45,1,15623819250
498,498,4212,2020-06-13 10:53:01,1,15623819250
499,499,4211,2020-06-12 02:11:01,1,15623819250
500,500,4211,2020-06-12 17:00:20,1,15623819250
501,501,4212,2020-06-15 14:20:50,1,15623819250
502,502,4212,2020-06-11 15:26:39,1,15623819250
503,503,4211,2020-06-17 16:07:06,1,15623819250
504,504,4211,2020-06-12 08:19:03,1,15623819250
505,505,4211,2020-06-15 09:09:12,1,15623819250
506,506,4211,2020-06-15 14:36:23,1,15623819250
507,507,4211,2020-06-15 01:10:26,1,15623819250
508,508,4211,2020-06-15 23:42:05,1,15623819250
509,509,4211,2020-06-13 09:47:17,1,15623819250
510,510,4211,2020-06-11 23:40:53,1,15623819250
511,511,4211,2020-06-13 10:33:44,1,15623819250
512,512,4211,2020-06-17 07:55:53,1,15623819250
513,513,4212,2020-06-17 16:40:26,1,15623819250
514,514,4211,2020-06-14 23:48:57,1,15623819250
515,515,4211,2020-06-13 18:10:47,1,15623819250
516,516,4212,2020-06-15 02:59:02,1,15623819250
517,517,4212,2020-06-16 08:29:09,1,15623819250
518,518,4211,2020-06-15 06:45:16,1,15623819250
519,519,4212,2020-06-13 19:58:59,1,15623819250
520,520,4212,2020-06-16 06:14:51,1,15623819250
521,521,4211,2020-06-13 19:18:13,1,15623819250
522,522,4212,2020-06-14 03:42:06,1,15623819250
523,523,4212,2020-06-11 15:18:53,1,15623819250
524,524,4211,2020-06-11 21:38:43,1,15623819250
525,525,4211,2020-06-15 15:42:32,1,15623819250
526,526,4212,2020-06-12 00:50:21,1,15623819250
527,527,4211,2020-06-17 18:04:26,1,15623819250
528,528,4211,2020-06-14 07:51:47,1,15623819250
529,529,4212,2020-06-12 20:26:09,1,15623819250
530,530,4212,2020-06-11 18:51:58,1,15623819250
531,531,4212,2020-06-14 07:03:30,1,15623819250
532,532,4211,2020-06-16 11:37:53,1,15623819250
533,533,4212,2020-06-16 00:42:23,1,15623819250
534,534,4211,2020-06-13 14:37:36,1,15623819250
535,535,4212,2020-06-11 20:18:18,1,15623819250
536,536,4212,2020-06-13 09:27:35,1,15623819250
537,537,4212,2020-06-14 16:55:17,1,15623819250
538,538,4212,2020-06-15 06:04:04,1,15623819250
539,539,4212,2020-06-14 17:51:38,1,15623819250
540,540,4211,2020-06-12 06:59:18,1,15623819250
541,541,4211,2020-06-14 14:23:09,1,15623819250
542,542,4211,2020-06-13 02:32:39,1,15623819250
543,543,4212,2020-06-12 15:26:41,1,15623819250
544,544,4211,2020-06-12 15:51:44,1,15623819250
545,545,4211,2020-06-11 21:49:42,1,15623819250
546,546,4211,2020-06-16 03:39:41,1,15623819250
547,547,4211,2020-06-12 15:46:35,1,15623819250
548,548,4212,2020-06-12 11:10:29,1,15623819250
549,549,4211,2020-06-17 05:09:36,1,15623819250
550,550,4212,2020-06-15 05:14:26,1,15623819250
551,551,4211,2020-06-13 23:07:32,1,15623819250
552,552,4211,2020-06-14 23:39:08,1,15623819250
553,553,4212,2020-06-14 10:41:40,1,15623819250
554,554,4211,2020-06-11 18:54:12,1,15623819250
555,555,4211,2020-06-13 11:43:04,1,15623819250
556,556,4212,2020-06-12 18:20:43,1,15623819250
557,557,4212,2020-06-13 13:57:59,1,15623819250
558,558,4212,2020-06-12 18:21:24,1,15623819250
559,559,4212,2020-06-12 22:42:44,1,15623819250
560,560,4212,2020-06-15 16:20:25,1,15623819250
561,561,4211,2020-06-16 01:48:32,1,15623819250
562,562,4212,2020-06-15 22:54:35,1,15623819250
563,563,4211,2020-06-14 15:06:11,1,15623819250
564,564,4212,2020-06-14 09:58:58,1,15623819250
565,565,4211,2020-06-11 15:11:22,1,15623819250
566,566,4212,2020-06-13 19:48:50,1,15623819250
567,567,4211,2020-06-17 14:10:16,1,15623819250
568,568,4211,2020-06-11 17:40:56,1,15623819250
569,569,4212,2020-06-16 15:08:51,1,15623819250
570,570,4211,2020-06-12 14:00:34,1,15623819250
571,571,4212,2020-06-12 15:45:48,1,15623819250
572,572,4212,2020-06-16 08:27:11,1,15623819250
573,573,4212,2020-06-11 20:26:04,1,15623819250
574,574,4212,2020-06-15 08:43:03,1,15623819250
575,575,4211,2020-06-16 16:35:35,1,15623819250
576,576,4212,2020-06-13 03:33:37,1,15623819250
577,577,4211,2020-06-13 07:15:19,1,15623819250
578,578,4211,2020-06-13 10:49:52,1,15623819250
579,579,4212,2020-06-17 10:03:34,1,15623819250
580,580,4211,2020-06-15 17:39:07,1,15623819250
581,581,4212,2020-06-13 05:37:18,1,15623819250
582,582,4212,2020-06-14 13:59:06,1,15623819250
583,583,4211,2020-06-17 16:38:32,1,15623819250
584,584,4212,2020-06-13 23:28:51,1,15623819250
585,585,4212,2020-06-17 06:14:04,1,15623819250
586,586,4212,2020-06-12 06:14:28,1,15623819250
587,587,4212,2020-06-14 10:03:53,1,15623819250
588,588,4212,2020-06-13 05:06:30,1,15623819250
589,589,4212,2020-06-12 04:19:32,1,15623819250
590,590,4211,2020-06-16 16:39:36,1,15623819250
591,591,4212,2020-06-17 14:07:20,1,15623819250
592,592,4212,2020-06-17 02:26:50,1,15623819250
593,593,4211,2020-06-17 01:58:17,1,15623819250
594,594,4211,2020-06-13 04:18:43,1,15623819250
595,595,4212,2020-06-15 01:31:34,1,15623819250
596,596,4212,2020-06-13 17:07:43,1,15623819250
597,597,4211,2020-06-18 08:54:43,1,15623819250
598,598,4211,2020-06-18 03:56:39,1,15623819250
599,599,4211,2020-06-15 14:52:06,1,15623819250
600,600,4212,2020-06-17 20:32:08,1,15623819250
601,601,4212,2020-06-12 14:54:24,1,15623819250
602,602,4212,2020-06-15 09:25:19,1,15623819250
603,603,4211,2020-06-11 19:27:56,1,15623819250
604,604,4211,2020-06-16 09:08:07,1,15623819250
605,605,4211,2020-06-15 11:45:25,1,15623819250
606,606,4211,2020-06-14 16:32:06,1,15623819250
607,607,4212,2020-06-15 05:24:01,1,15623819250
608,608,4211,2020-06-15 15:43:34,1,15623819250
609,609,4211,2020-06-16 17:43:46,1,15623819250
610,610,4212,2020-06-18 13:39:57,1,15623819250
611,611,4212,2020-06-18 14:28:35,1,15623819250
612,612,4211,2020-06-16 23:00:43,1,15623819250
613,613,4211,2020-06-15 22:19:12,1,15623819250
614,614,4212,2020-06-17 23:44:25,1,15623819250
615,615,4212,2020-06-17 02:42:56,1,15623819250
616,616,4211,2020-06-18 10:01:44,1,15623819250
617,617,4212,2020-06-18 03:43:13,1,15623819250
618,618,4212,2020-06-16 00:02:34,1,15623819250
619,619,4211,2020-06-17 08:01:45,1,15623819250
620,620,4212,2020-06-17 16:26:19,1,15623819250
621,621,4212,2020-06-14 02:35:38,1,15623819250
622,622,4212,2020-06-13 19:10:40,1,15623819250
623,623,4212,2020-06-15 18:10:46,1,15623819250
624,624,4212,2020-06-12 08:08:22,1,15623819250
625,625,4212,2020-06-15 18:46:33,1,15623819250
626,626,4212,2020-06-17 16:18:01,1,15623819250
627,627,4212,2020-06-17 18:18:03,1,15623819250
628,628,4211,2020-06-14 07:18:06,1,15623819250
629,629,4211,2020-06-12 13:25:25,1,15623819250
630,630,4212,2020-06-15 04:48:57,1,15623819250
631,631,4211,2020-06-15 23:58:02,1,15623819250
632,632,4211,2020-06-16 11:56:31,1,15623819250
633,633,4211,2020-06-13 19:22:35,1,15623819250
634,634,4212,2020-06-12 08:44:33,1,15623819250
635,635,4212,2020-06-14 08:05:13,1,15623819250
636,636,4212,2020-06-11 17:57:43,1,15623819250
637,637,4212,2020-06-14 14:43:27,1,15623819250
638,638,4212,2020-06-16 00:14:15,1,15623819250
639,639,4211,2020-06-15 17:49:58,1,15623819250
640,640,4211,2020-06-12 15:59:31,1,15623819250
641,641,4211,2020-06-17 10:51:01,1,15623819250
642,642,4212,2020-06-13 04:00:56,1,15623819250
643,643,4212,2020-06-16 00:11:36,1,15623819250
644,644,4211,2020-06-15 02:51:24,1,15623819250
645,645,4211,2020-06-14 08:27:07,1,15623819250
646,646,4211,2020-06-14 14:50:12,1,15623819250
647,647,4212,2020-06-14 04:44:01,1,15623819250
648,648,4212,2020-06-13 13:38:14,1,15623819250
649,649,4212,2020-06-12 11:18:06,1,15623819250
650,650,4211,2020-06-17 03:21:07,1,15623819250
651,651,4211,2020-06-16 06:31:17,1,15623819250
652,652,4212,2020-06-14 12:34:11,1,15623819250
653,653,4212,2020-06-13 14:23:37,1,15623819250
654,654,4212,2020-06-13 22:14:15,1,15623819250
655,655,4211,2020-06-17 11:33:53,1,15623819250
656,656,4212,2020-06-13 03:32:24,1,15623819250
657,657,4212,2020-06-16 17:11:09,1,15623819250
658,658,4211,2020-06-13 17:00:35,1,15623819250
659,659,4211,2020-06-12 12:02:02,1,15623819250
660,660,4212,2020-06-18 09:33:51,1,15623819250
661,661,4212,2020-06-14 19:35:41,1,15623819250
662,662,4212,2020-06-14 13:33:55,1,15623819250
663,663,4212,2020-06-12 21:21:20,1,15623819250
664,664,4211,2020-06-18 10:08:03,1,15623819250
665,665,4212,2020-06-11 21:56:42,1,15623819250
666,666,4211,2020-06-17 00:59:31,1,15623819250
667,667,4211,2020-06-15 00:25:45,1,15623819250
668,668,4211,2020-06-17 21:07:24,1,15623819250
669,669,4212,2020-06-15 01:33:29,1,15623819250
670,670,4211,2020-06-16 05:06:58,1,15623819250
671,671,4211,2020-06-13 03:44:15,1,15623819250
672,672,4212,2020-06-14 03:55:35,1,15623819250
673,673,4212,2020-06-11 17:11:41,1,15623819250
674,674,4211,2020-06-11 17:23:28,1,15623819250
675,675,4212,2020-06-13 07:43:22,1,15623819250
676,676,4211,2020-06-14 10:57:09,1,15623819250
677,677,4212,2020-06-14 23:36:11,1,15623819250
678,678,4212,2020-06-16 09:08:14,1,15623819250
679,679,4211,2020-06-13 00:00:42,1,15623819250
680,680,4212,2020-06-13 21:55:17,1,15623819250
681,681,4212,2020-06-14 07:41:29,1,15623819250
682,682,4211,2020-06-12 07:52:01,1,15623819250
683,683,4212,2020-06-13 19:16:39,1,15623819250
684,684,4212,2020-06-11 18:06:04,1,15623819250
685,685,4212,2020-06-16 10:12:56,1,15623819250
686,686,4212,2020-06-12 20:07:42,1,15623819250
687,687,4211,2020-06-11 23:15:40,1,15623819250
688,688,4211,2020-06-14 15:23:40,1,15623819250
689,689,4211,2020-06-16 03:36:59,1,15623819250
690,690,4212,2020-06-18 00:59:03,1,15623819250
691,691,4211,2020-06-16 12:51:41,1,15623819250
692,692,4212,2020-06-14 22:23:37,1,15623819250
693,693,4211,2020-06-12 23:28:32,1,15623819250
694,694,4211,2020-06-16 10:44:09,1,15623819250
695,695,4211,2020-06-12 20:31:26,1,15623819250
696,696,4211,2020-06-17 20:15:56,1,15623819250
697,697,4212,2020-06-13 06:22:21,1,15623819250
698,698,4211,2020-06-13 10:37:37,1,15623819250
699,699,4211,2020-06-12 01:19:37,1,15623819250
700,700,4212,2020-06-18 03:11:47,1,15623819250
701,701,4212,2020-06-16 12:04:50,1,15623819250
702,702,4212,2020-06-16 10:06:30,1,15623819250
703,703,4211,2020-06-17 08:51:16,1,15623819250
704,704,4212,2020-06-17 14:40:41,1,15623819250
705,705,4211,2020-06-14 16:35:16,1,15623819250
706,706,4212,2020-06-18 11:56:56,1,15623819250
707,707,4212,2020-06-17 04:37:44,1,15623819250
708,708,4211,2020-06-13 11:49:10,1,15623819250
709,709,4211,2020-06-18 01:01:20,1,15623819250
710,710,4212,2020-06-12 05:28:34,1,15623819250
711,711,4212,2020-06-11 19:09:35,1,15623819250
712,712,4212,2020-06-14 05:52:42,1,15623819250
713,713,4211,2020-06-14 23:21:13,1,15623819250
714,714,4212,2020-06-12 13:33:41,1,15623819250
715,715,4212,2020-06-18 05:01:45,1,15623819250
716,716,4211,2020-06-18 07:05:57,1,15623819250
717,717,4211,2020-06-16 05:27:30,1,15623819250
718,718,4211,2020-06-15 14:46:58,1,15623819250
719,719,4212,2020-06-15 05:02:51,1,15623819250
720,720,4211,2020-06-18 11:40:48,1,15623819250
721,721,4212,2020-06-15 23:01:10,1,15623819250
722,722,4211,2020-06-17 16:42:23,1,15623819250
723,723,4211,2020-06-13 07:48:42,1,15623819250
724,724,4212,2020-06-16 12:53:31,1,15623819250
725,725,4211,2020-06-16 09:43:09,1,15623819250
726,726,4212,2020-06-15 08:23:46,1,15623819250
727,727,4212,2020-06-17 06:42:18,1,15623819250
728,728,4212,2020-06-17 14:34:37,1,15623819250
729,729,4211,2020-06-13 20:11:13,1,15623819250
730,730,4212,2020-06-14 15:05:18,1,15623819250
731,731,4211,2020-06-15 19:40:45,1,15623819250
732,732,4211,2020-06-12 22:09:26,1,15623819250
733,733,4212,2020-06-14 03:15:07,1,15623819250
734,734,4211,2020-06-18 14:01:55,1,15623819250
735,735,4211,2020-06-16 05:50:28,1,15623819250
736,736,4211,2020-06-13 05:55:30,1,15623819250
737,737,4212,2020-06-12 10:30:25,1,15623819250
738,738,4212,2020-06-16 01:02:31,1,15623819250
739,739,4212,2020-06-18 00:23:40,1,15623819250
740,740,4212,2020-06-14 03:29:03,1,15623819250
741,741,4211,2020-06-14 17:36:42,1,15623819250
742,742,4211,2020-06-18 10:47:58,1,15623819250
743,743,4211,2020-06-17 04:49:28,1,15623819250
744,744,4211,2020-06-15 11:33:05,1,15623819250
745,745,4211,2020-06-13 22:51:52,1,15623819250
746,746,4211,2020-06-12 20:47:05,1,15623819250
747,747,4211,2020-06-13 21:00:22,1,15623819250
748,748,4211,2020-06-16 17:34:17,1,15623819250
749,749,4211,2020-06-13 06:24:19,1,15623819250
750,750,4211,2020-06-17 14:05:28,1,15623819250
751,751,4211,2020-06-14 17:06:43,1,15623819250
752,752,4212,2020-06-14 19:16:10,1,15623819250
753,753,4211,2020-06-17 00:31:12,1,15623819250
754,754,4212,2020-06-16 16:59:16,1,15623819250
755,755,4211,2020-06-14 15:56:33,1,15623819250
756,756,4211,2020-06-18 08:21:09,1,15623819250
757,757,4212,2020-06-14 18:25:49,1,15623819250
758,758,4212,2020-06-12 22:05:06,1,15623819250
759,759,4211,2020-06-18 01:32:24,1,15623819250
760,760,4211,2020-06-12 02:40:34,1,15623819250
761,761,4212,2020-06-12 07:59:42,1,15623819250
762,762,4212,2020-06-15 14:53:50,1,15623819250
763,763,4211,2020-06-14 05:38:50,1,15623819250
764,764,4211,2020-06-12 07:13:15,1,15623819250
765,765,4211,2020-06-13 02:43:15,1,15623819250
766,766,4212,2020-06-15 03:11:54,1,15623819250
767,767,4212,2020-06-16 10:26:53,1,15623819250
768,768,4212,2020-06-13 01:21:51,1,15623819250
769,769,4211,2020-06-15 01:45:20,1,15623819250
770,770,4211,2020-06-15 19:57:11,1,15623819250
771,771,4211,2020-06-13 08:03:56,1,15623819250
772,772,4212,2020-06-17 00:10:42,1,15623819250
773,773,4211,2020-06-17 07:10:03,1,15623819250
774,774,4211,2020-06-18 12:52:57,1,15623819250
775,775,4211,2020-06-13 06:58:09,1,15623819250
776,776,4212,2020-06-17 05:34:00,1,15623819250
777,777,4211,2020-06-17 09:12:44,1,15623819250
778,778,4212,2020-06-17 00:30:49,1,15623819250
779,779,4211,2020-06-15 23:26:35,1,15623819250
780,780,4211,2020-06-15 18:03:30,1,15623819250
781,781,4211,2020-06-11 17:17:19,1,15623819250
782,782,4212,2020-06-16 09:59:12,1,15623819250
783,783,4212,2020-06-11 16:38:23,1,15623819250
784,784,4212,2020-06-12 18:26:02,1,15623819250
785,785,4212,2020-06-12 13:23:43,1,15623819250
786,786,4212,2020-06-12 12:36:39,1,15623819250
787,787,4212,2020-06-17 22:32:48,1,15623819250
788,788,4212,2020-06-13 10:58:52,1,15623819250
789,789,4212,2020-06-17 23:53:49,1,15623819250
790,790,4211,2020-06-15 04:16:10,1,15623819250
791,791,4211,2020-06-11 20:09:17,1,15623819250
792,792,4211,2020-06-15 20:19:04,1,15623819250
793,793,4211,2020-06-14 13:54:41,1,15623819250
794,794,4211,2020-06-17 03:43:23,1,15623819250
795,795,4212,2020-06-13 18:51:04,1,15623819250
796,796,4212,2020-06-13 00:38:46,1,15623819250
797,797,4211,2020-06-14 21:53:04,1,15623819250
798,798,4211,2020-06-12 06:40:43,1,15623819250
799,799,4212,2020-06-18 07:29:57,1,15623819250
800,800,4211,2020-06-17 08:51:04,1,15623819250
801,801,4212,2020-06-11 19:32:30,1,15623819250
802,802,4212,2020-06-15 16:38:40,1,15623819250
803,803,4212,2020-06-15 01:57:22,1,15623819250
804,804,4211,2020-06-15 21:34:11,1,15623819250
805,805,4211,2020-06-18 14:04:51,1,15623819250
806,806,4212,2020-06-12 17:53:37,1,15623819250
807,807,4212,2020-06-16 17:05:24,1,15623819250
808,808,4211,2020-06-11 15:15:41,1,15623819250
809,809,4211,2020-06-14 10:13:12,1,15623819250
810,810,4211,2020-06-16 18:16:33,1,15623819250
811,811,4211,2020-06-12 06:53:33,1,15623819250
812,812,4212,2020-06-15 07:02:43,1,15623819250
813,813,4211,2020-06-14 11:42:01,1,15623819250
814,814,4212,2020-06-18 05:52:34,1,15623819250
815,815,4211,2020-06-16 08:14:07,1,15623819250
816,816,4211,2020-06-15 21:30:42,1,15623819250
817,817,4211,2020-06-16 16:52:44,1,15623819250
818,818,4212,2020-06-12 20:31:20,1,15623819250
819,819,4211,2020-06-11 16:07:10,1,15623819250
820,820,4211,2020-06-13 18:57:10,1,15623819250
821,821,4212,2020-06-16 14:59:09,1,15623819250
822,822,4211,2020-06-17 18:37:03,1,15623819250
823,823,4212,2020-06-16 22:36:02,1,15623819250
824,824,4212,2020-06-13 15:05:32,1,15623819250
825,825,4211,2020-06-14 03:24:24,1,15623819250
826,826,4211,2020-06-15 19:20:42,1,15623819250
827,827,4212,2020-06-16 04:53:12,1,15623819250
828,828,4212,2020-06-16 15:05:36,1,15623819250
829,829,4211,2020-06-17 17:37:31,1,15623819250
830,830,4211,2020-06-13 10:58:21,1,15623819250
831,831,4212,2020-06-15 06:54:53,1,15623819250
832,832,4211,2020-06-17 11:42:31,1,15623819250
833,833,4211,2020-06-16 10:41:14,1,15623819250
834,834,4211,2020-06-15 08:42:27,1,15623819250
835,835,4211,2020-06-16 07:49:30,1,15623819250
836,836,4212,2020-06-18 01:10:47,1,15623819250
837,837,4212,2020-06-17 06:58:32,1,15623819250
838,838,4212,2020-06-17 09:24:50,1,15623819250
839,839,4212,2020-06-17 04:22:11,1,15623819250
840,840,4212,2020-06-12 12:30:38,1,15623819250
841,841,4212,2020-06-18 10:44:10,1,15623819250
842,842,4212,2020-06-13 10:55:18,1,15623819250
843,843,4211,2020-06-11 21:46:06,1,15623819250
844,844,4212,2020-06-12 23:06:12,1,15623819250
845,845,4212,2020-06-12 05:56:23,1,15623819250
846,846,4212,2020-06-13 04:39:19,1,15623819250
847,847,4211,2020-06-12 20:52:01,1,15623819250
848,848,4212,2020-06-16 07:08:27,1,15623819250
849,849,4211,2020-06-11 20:17:45,1,15623819250
850,850,4211,2020-06-16 13:42:56,1,15623819250
851,851,4211,2020-06-18 01:47:40,1,15623819250
852,852,4211,2020-06-16 14:49:17,1,15623819250
853,853,4211,2020-06-16 09:37:47,1,15623819250
854,854,4211,2020-06-14 12:02:32,1,15623819250
855,855,4212,2020-06-13 01:40:10,1,15623819250
856,856,4212,2020-06-13 04:00:56,1,15623819250
857,857,4212,2020-06-17 12:50:20,1,15623819250
858,858,4211,2020-06-16 12:45:10,1,15623819250
859,859,4212,2020-06-17 07:10:01,1,15623819250
860,860,4212,2020-06-11 17:45:45,1,15623819250
861,861,4212,2020-06-17 19:46:31,1,15623819250
862,862,4211,2020-06-13 03:11:05,1,15623819250
863,863,4212,2020-06-18 06:55:02,1,15623819250
864,864,4212,2020-06-16 22:52:16,1,15623819250
865,865,4212,2020-06-17 06:30:21,1,15623819250
866,866,4211,2020-06-13 01:29:24,1,15623819250
867,867,4212,2020-06-11 19:12:31,1,15623819250
868,868,4212,2020-06-15 18:44:49,1,15623819250
869,869,4211,2020-06-12 23:13:49,1,15623819250
870,870,4212,2020-06-14 21:34:53,1,15623819250
871,871,4212,2020-06-12 22:26:53,1,15623819250
872,872,4211,2020-06-17 16:19:00,1,15623819250
873,873,4211,2020-06-17 23:15:30,1,15623819250
874,874,4211,2020-06-15 04:41:20,1,15623819250
875,875,4211,2020-06-15 17:26:07,1,15623819250
876,876,4211,2020-06-13 11:20:09,1,15623819250
877,877,4211,2020-06-18 11:49:00,1,15623819250
878,878,4211,2020-06-15 19:23:13,1,15623819250
879,879,4212,2020-06-15 17:55:00,1,15623819250
880,880,4211,2020-06-14 19:26:54,1,15623819250
881,881,4212,2020-06-13 12:56:31,1,15623819250
882,882,4212,2020-06-12 09:28:30,1,15623819250
883,883,4211,2020-06-12 10:47:40,1,15623819250
884,884,4212,2020-06-16 20:09:07,1,15623819250
885,885,4212,2020-06-14 14:48:30,1,15623819250
886,886,4211,2020-06-17 13:26:47,1,15623819250
887,887,4211,2020-06-17 10:56:51,1,15623819250
888,888,4211,2020-06-15 21:27:53,1,15623819250
889,889,4212,2020-06-14 01:09:48,1,15623819250
890,890,4211,2020-06-18 13:15:08,1,15623819250
891,891,4211,2020-06-18 08:58:08,1,15623819250
892,892,4211,2020-06-17 12:55:42,1,15623819250
893,893,4212,2020-06-14 08:37:05,1,15623819250
894,894,4212,2020-06-17 03:41:47,1,15623819250
895,895,4211,2020-06-12 19:14:27,1,15623819250
896,896,4212,2020-06-16 07:12:44,1,15623819250
897,897,4211,2020-06-12 19:37:28,1,15623819250
898,898,4211,2020-06-15 16:15:23,1,15623819250
899,899,4211,2020-06-15 06:16:16,1,15623819250
900,900,4212,2020-06-15 21:48:20,1,15623819250
901,901,4212,2020-06-18 02:14:33,1,15623819250
902,902,4211,2020-06-13 18:04:53,1,15623819250
903,903,4212,2020-06-17 08:20:47,1,15623819250
904,904,4212,2020-06-15 23:47:04,1,15623819250
905,905,4211,2020-06-13 03:34:16,1,15623819250
906,906,4211,2020-06-11 16:05:03,1,15623819250
907,907,4211,2020-06-11 23:03:46,1,15623819250
908,908,4212,2020-06-15 15:34:07,1,15623819250
909,909,4211,2020-06-15 10:14:01,1,15623819250
910,910,4212,2020-06-16 15:21:26,1,15623819250
911,911,4212,2020-06-11 22:21:48,1,15623819250
912,912,4211,2020-06-14 16:03:43,1,15623819250
913,913,4212,2020-06-17 15:46:02,1,15623819250
914,914,4212,2020-06-14 19:52:07,1,15623819250
915,915,4212,2020-06-17 04:09:36,1,15623819250
916,916,4212,2020-06-15 05:19:25,1,15623819250
917,917,4212,2020-06-14 11:20:58,1,15623819250
918,918,4212,2020-06-17 13:02:46,1,15623819250
919,919,4212,2020-06-15 17:02:07,1,15623819250
920,920,4211,2020-06-15 10:40:18,1,15623819250
921,921,4212,2020-06-12 06:20:55,1,15623819250
922,922,4212,2020-06-17 21:08:54,1,15623819250
923,923,4212,2020-06-16 07:39:46,1,15623819250
924,924,4211,2020-06-13 10:17:09,1,15623819250
925,925,4212,2020-06-18 11:13:58,1,15623819250
926,926,4212,2020-06-12 13:40:13,1,15623819250
927,927,4212,2020-06-17 06:32:26,1,15623819250
928,928,4212,2020-06-15 11:43:03,1,15623819250
929,929,4211,2020-06-15 06:30:55,1,15623819250
930,930,4212,2020-06-11 18:41:08,1,15623819250
931,931,4212,2020-06-13 21:56:03,1,15623819250
932,932,4212,2020-06-17 12:07:34,1,15623819250
933,933,4212,2020-06-14 05:17:13,1,15623819250
934,934,4212,2020-06-13 07:28:51,1,15623819250
935,935,4212,2020-06-12 03:22:18,1,15623819250
936,936,4212,2020-06-14 04:49:11,1,15623819250
937,937,4211,2020-06-14 03:02:02,1,15623819250
938,938,4211,2020-06-12 21:20:08,1,15623819250
939,939,4212,2020-06-13 21:30:08,1,15623819250
940,940,4212,2020-06-17 08:24:43,1,15623819250
941,941,4211,2020-06-16 17:35:45,1,15623819250
942,942,4211,2020-06-14 20:29:47,1,15623819250
943,943,4211,2020-06-12 04:43:39,1,15623819250
944,944,4211,2020-06-16 13:14:57,1,15623819250
945,945,4211,2020-06-17 00:51:06,1,15623819250
946,946,4212,2020-06-16 12:06:33,1,15623819250
947,947,4211,2020-06-15 06:11:37,1,15623819250
948,948,4211,2020-06-18 03:17:46,1,15623819250
949,949,4211,2020-06-15 15:03:33,1,15623819250
950,950,4212,2020-06-12 10:48:29,1,15623819250
951,951,4211,2020-06-14 21:44:13,1,15623819250
952,952,4211,2020-06-14 19:44:14,1,15623819250
953,953,4211,2020-06-17 21:14:49,1,15623819250
954,954,4212,2020-06-12 09:37:39,1,15623819250
955,955,4211,2020-06-15 09:48:24,1,15623819250
956,956,4212,2020-06-17 05:59:32,1,15623819250
957,957,4211,2020-06-12 22:00:17,1,15623819250
958,958,4212,2020-06-14 15:15:42,1,15623819250
959,959,4211,2020-06-12 09:51:21,1,15623819250
960,960,4212,2020-06-16 13:36:23,1,15623819250
961,961,4211,2020-06-14 02:46:02,1,15623819250
962,962,4211,2020-06-16 12:49:38,1,15623819250
963,963,4211,2020-06-16 21:29:35,1,15623819250
964,964,4212,2020-06-16 09:05:46,1,15623819250
965,965,4212,2020-06-17 05:22:44,1,15623819250
966,966,4211,2020-06-11 23:58:00,1,15623819250
967,967,4212,2020-06-15 15:42:00,1,15623819250
968,968,4212,2020-06-18 08:12:59,1,15623819250
969,969,4211,2020-06-15 15:33:34,1,15623819250
970,970,4211,2020-06-15 06:37:14,1,15623819250
971,971,4211,2020-06-16 19:41:30,1,15623819250
972,972,4211,2020-06-13 18:51:33,1,15623819250
973,973,4211,2020-06-17 11:41:13,1,15623819250
974,974,4212,2020-06-12 20:04:25,1,15623819250
975,975,4211,2020-06-13 05:56:07,1,15623819250
976,976,4212,2020-06-15 16:43:48,1,15623819250
977,977,4211,2020-06-17 18:16:31,1,15623819250
978,978,4212,2020-06-14 18:59:02,1,15623819250
979,979,4212,2020-06-13 09:48:36,1,15623819250
980,980,4211,2020-06-12 11:00:10,1,15623819250
981,981,4212,2020-06-18 06:25:10,1,15623819250
982,982,4211,2020-06-11 15:33:44,1,15623819250
983,983,4212,2020-06-14 07:36:19,1,15623819250
984,984,4211,2020-06-12 03:28:01,1,15623819250
985,985,4211,2020-06-14 11:11:45,1,15623819250
986,986,4212,2020-06-13 15:45:00,1,15623819250
987,987,4211,2020-06-13 01:02:23,1,15623819250
988,988,4211,2020-06-16 23:20:13,1,15623819250
989,989,4211,2020-06-16 13:47:34,1,15623819250
990,990,4212,2020-06-15 19:39:48,1,15623819250
991,991,4211,2020-06-13 22:18:35,1,15623819250
992,992,4212,2020-06-11 20:26:42,1,15623819250
993,993,4211,2020-06-15 15:17:26,1,15623819250
994,994,4211,2020-06-15 17:03:47,1,15623819250
995,995,4212,2020-06-14 15:26:30,1,15623819250
996,996,4212,2020-06-11 19:04:25,1,15623819250
997,997,4211,2020-06-14 14:17:27,1,15623819250
998,998,4211,2020-06-15 13:25:49,1,15623819250
999,999,4212,2020-06-16 02:37:15,1,15623819250
