X,Y
0,1
0,2
0,3
0,4
0,5
0,6
0,7
0,8
0,9
0,10
0,11
0,12
0,13
0,14
0,15
0,16
0,17
0,18
0,19
0,20
0,21
0,22
0,23
0,24
0,25
0,26
0,27
0,28
0,29
0,30
0,31
0,32
0,33
1,34
2,35
1,36
5,37
1,38
5,39
3,40
3,41
2,42
4,43
3,44
3,45
1,46
2,47
5,48
1,49
3,50
3,51
3,52
2,53
2,54
5,55
5,56
4,57
1,58
3,59
1,60
4,61
3,62
2,63
2,64
5,65
2,66
2,67
4,68
4,69
4,70
1,71
2,72
1,73
4,74
3,75
1,76
4,77
4,78
2,79
3,80
2,81
3,82
2,83
3,84
3,85
5,86
3,87
2,88
2,89
4,90
4,91
4,92
2,93
2,94
2,95
4,96
2,97
2,98
4,99
4,100
5,101
4,102
2,103
4,104
4,105
3,106
4,107
3,108
6,109
0,110
1,111
2,112
3,113
1,114
3,115
1,116
2,117
2,118
2,119
1,120
3,121
3,122
3,123
3,124
1,125
1,126
3,127
2,128
3,129
3,130
3,131
2,132
4,133
2,134
2,135
3,136
4,137
2,138
4,139
5,140
2,141
1,142
3,143
4,144
4,145
1,146
2,147
3,148
2,149
5,150
2,151
4,152
3,153
3,154
1,155
4,156
2,157
3,158
3,159
3,160
0,161
2,162
4,163
2,164
2,165
4,166
4,167
2,168
2,169
3,170
2,171
3,172
5,173
2,174
2,175
2,176
1,177
0,178
0,179
0,180
0,181
0,182
0,183
0,184
0,185
0,186
0,187
0,188
0,189
0,190
0,191
0,192
0,193
0,194
0,195
0,196
0,197
0,198
0,199
0,200
0,201
0,202
0,203
0,204
0,205
0,206
0,207
0,208
0,209
0,210
0,211
0,212
0,213
0,214
0,215
0,216
0,217
0,218
0,219
0,220
0,221
0,222
